1.3710937500
1.3828125000
1.2968750000
1.3593750000
1.4023437500
1.3867187500
1.3320312500
1.3828125000
1.4218750000
1.4335937500
1.3320312500
1.3437500000
1.3359375000
1.3476562500
1.2929687500
1.2421875000
1.3203125000
1.3281250000
1.3515625000
1.2929687500
1.3164062500
1.3398437500
1.3593750000
1.2617187500
1.2617187500
1.3164062500
1.3476562500
1.3203125000
1.2656250000
1.3750000000
1.3632812500
1.3320312500
1.3125000000
1.3828125000
1.4062500000
1.4296875000
1.3398437500
1.3593750000
1.4062500000
1.3984375000
1.3242187500
1.3750000000
1.3906250000
1.3828125000
1.3007812500
1.3320312500
1.4023437500
1.4023437500
1.3515625000
1.3593750000
1.4296875000
1.4335937500
1.3593750000
1.3437500000
1.4140625000
1.4296875000
1.3828125000
1.2890625000
1.3359375000
1.3750000000
1.3671875000
1.2851562500
1.3476562500
1.3632812500
1.3750000000
1.2734375000
1.2968750000
1.3671875000
1.3906250000
1.3359375000
1.3281250000
1.3398437500
1.3398437500
1.2539062500
1.2968750000
1.3593750000
1.3671875000
1.3007812500
1.3789062500
1.4687500000
1.4335937500
1.3164062500
1.3750000000
1.3984375000
1.4296875000
1.3906250000
1.3164062500
1.4101562500
1.3945312500
1.3398437500
1.2890625000
1.3164062500
1.3554687500
1.3164062500
1.2773437500
1.3398437500
1.3906250000
1.3593750000
1.3203125000
1.4101562500
1.4570312500
1.4062500000
1.3203125000
1.3671875000
1.3750000000
1.3828125000
1.2773437500
1.3281250000
1.3359375000
1.3554687500
1.2617187500
1.3203125000
1.3632812500
1.3906250000
1.3007812500
1.3515625000
1.3867187500
1.3906250000
1.3007812500
1.3671875000
1.3671875000
1.3437500000
1.3046875000
1.3515625000
1.3671875000
1.3750000000
1.3242187500
1.2812500000
1.2851562500
1.3242187500
1.3125000000
1.2578125000
1.3242187500
